df <-
structure(list(th = c(-1.5604756465522125, -1.23017748948328, 
0.55870831414912403, -0.92949160857542401, -0.87071226483905373, 
0.71506498688328102, -0.53908379401079776, -2.265061234606534, 
-1.686852851893526, -1.445661970099958, 0.22408179743946155, 
-0.64018617294263613, -0.59922854940594783, -0.88931728405488031, 
-1.555841134754075, 0.78691313680307817, -0.50214952177076055, 
-2.9666171566296384, -0.29864409843631445, -1.472791407727934, 
-2.0678237059868452, -1.2179749146582952, -2.0260044483072397, 
-1.7288912292911403, -1.6250392678492567, -2.6866933107424131, 
-0.16221295550547532, -0.84662688216348481, -2.1381369370119474, 
0.25381492106992676, -0.57353577852318649, -1.2950714829922712, 
-0.10487433895497777, -0.12186651246695779, -0.17841891836251289, 
-0.311359745899909, -0.44608234646241118, -1.0619117105767217, 
-1.3059626637399169, -1.3804710010123826, -1.6947069789205127, 
-1.2079172780195988, -2.2653963515682642, 1.1689559653385126, 
0.20796199830499051, -2.1231085832033489, -1.4028848352990759, 
-1.466655353623219, -0.22003488166368212, -1.0833690664718292, 
-0.7466814860052452, -1.0285467553487031, -1.0428704572913161, 
0.3686022840144576, -1.2257709856592676, 0.51647060442953974, 
-2.5487528042302214, -0.41538625036393084, -0.87614575615538626, 
-0.78405843125602726, -0.62036051724011787, -1.5023234531093022, 
-1.33320738366942, -2.0185753831070885, -2.071791226475578, -0.69647135859574194, 
-0.55179022137057387, -0.9469957732694958, -0.077732532120262432, 
1.0500846856271444, -1.4910311660565352, -3.3091688756408124, 
0.0057385244622565335, -1.7092007625823926, -1.688008616467358, 
0.02557136969669882, -1.2847730070510088, -2.2207177122545358, 
-0.81869652025084982, -1.1388913624390447, -0.99423581410011308, 
-0.61471959887366956, -1.3706600317924094, -0.35562345148116703, 
-1.2204865618187506, -0.66821803608430308, 0.09683901314934773, 
-0.56481850916619714, -1.3259315855312268, 0.1488076184510938, 
-0.006496144037880569, -0.45160304049193001, -0.76126826488855881, 
-1.6279060760393715, 0.36065244853000755, -1.6002595871471268, 
1.1873329930165766, 0.53261062618518928, -1.2357003591004769, 
-2.026420900306781, -1.7104065636993009, -0.74311629084347053, 
-1.2466918784623737, -1.3475425993977332, -1.9516185672650157, 
-1.0450277248089204, -1.7849044694570759, -2.6679419365881367, 
-1.3802265202877624, -0.081003390939234032, -1.5753469626083918, 
-0.39203567777496662, -2.617882708289164, -1.0555619655245394, 
-0.48059279605653771, -0.6988466378332856, -0.89432380585105664, 
-1.6407060083053764, -1.8497043460335822, -2.0241287906049132, 
-0.88235340289987407, -1.9474746141848023, -1.4905574437006683, 
-1.2560921921982473, 0.84386200523220745, -1.6519499016954584, 
-0.76461342771514307, -0.92203915043628926, -1.9618566341301285, 
-1.0713080861235986, 0.44455085842334885, -0.54849594692078529, 
-0.95876707800706007, -1.4224968323396248, -3.0532472215405155, 
0.13133721341417548, -2.4606400709248222, -0.26005248912266554, 
0.90910356921748336, -2.4438931609717995, -0.29821566462528915, 
-1.2621974894024679, -2.5721441591454877, -2.5146676537817516, 
-2.6015361735745932, -1.5309065221703029, -2.4617555849958999, 
-0.31208322702417246, 1.1001089405256717, -2.2870304760351789, 
-0.21226115252482192, -0.2309577589990901, -0.66779742104988227, 
-2.0083766082770076, -1.1194526066306587, -1.2803953351702466, 
-0.43701046677952016, -1.3724387561038291, -0.023026613314379274, 
-1.3745808577670138, 0.052711465579331929, -2.0491770066660657, 
-2.2601552447581126, 2.2410399349424046, -1.4168575881604317, 
-0.70177240845928468, -0.36343032596615132, -1.4837806257087436, 
-0.48313795568639095, -0.63103547261491399, -1.2153805076416935, 
-0.93470696647468476, -1.0340672537384641, 1.1284518990161811, 
-1.7413360962728284, -2.0959962670746641, -0.96221160082892121, 
-0.68951925055686303, -0.56347652108981705, -1.4583653327111057, 
-2.063326133971191, 0.2631851760894901, -1.3496503879535546, 
-1.8655128626533739, -1.2362795689410966, -1.1971758943485522, 
0.10992028971364043, -0.9152627078028035, -0.24594621481547851, 
-1.4992920171722608, -0.78555469041839876, -1.3246859114908347, 
-0.90541647182642859, -1.8953633579775415, -2.3108015333279717, 
0.9972133847479665, -0.39929117632758238, -2.2512713616249442, 
-1.6111659166804209, -2.1854800845973106, 1.1988103488837196, 
0.3124129764335104, -1.2651450566963529, -0.45680594076791048, 
-1.4143399479188596, -1.4762468946155785, -1.7886028378502425, 
-1.5946172674595109, 0.65090746733669014, -1.0540281250854404, 
-0.88075476357241589, -0.75631257040090794, 0.23247587848533779, 
-1.5160638309447803, -1.9925071503920373, 0.67569693240318984, 
-1.4411632169052855, -1.7230659699398736, -2.2362731188832932, 
-2.2847157223177965, -1.5739734792979869, -0.38201418283347144, 
0.10984813892971834, -0.29241164616441195, -1.3636572970952525, 
-0.94025006261539934, -1.7045964636800699, -1.7172181615740101, 
-0.11534950102307995, -2.0155925786035445, 0.95529396549246393, 
-1.0903195939658517, -0.78546117337078369, -1.7385277047395733, 
-1.5743886897632697, -2.3170161323052421, -1.1829253883727273, 
-0.58101759507553608, -0.67569565583862001, -1.7815364870547514, 
-1.7886219708540017, -1.5021987183428607, 0.49606066984635055, 
-2.1373036206657448, -1.1790515943801985, 0.90236182167892709, 
-1.1009748853288084, -2.3598407038213938, -1.6647694352740623, 
-0.51454002109512187, -1.3756028716697735, -1.561876363549783, 
-1.3439172341284593, -0.90950335286077877, 0.5985087711458259, 
-1.088565112138884, 0.080799496151517269, -0.3692458843494334, 
-1.1136398955061406, -2.532902002890598, -1.5211173175525201, 
-1.4898704531384743, -0.9528455672384728, 0.30019867766682062, 
1.2930789738310939, 0.5475810589837693, -1.1331509643289444, 
-2.7565273955576375, -1.3887798640717435, -0.91079277692670546, 
-0.15498699593256404, -0.037472031515728976, -0.31569057058353545, 
-2.3952743497994673, -0.15035695436664487, -1.4465572164272222, 
-0.82519729983874435, -0.92544882282626539, -0.57183323502949457, 
-0.97532501717386011, -2.6674750975856627, -0.26350403522655785, 
-0.61397343165032425, -1.2656516252782224, -0.88185548895331933, 
-0.86596135463153667, -0.77898053143899793, 0.640846165977486, 
-1.2190503789334759, -0.83193461611534247, 0.16838387306909297, 
0.054181023376919102, 0.14526311038035744, -1.5774680010595568, 
1.0024827302928294, -0.93329912906981705, 0.8668518447068625, 
-2.3509026860307118, -0.97901641364576253, 0.24991457096921565, 
-1.7152421872227963, -1.752688968217742, -1.938538703606894, 
-2.0525132793387364, -1.4371595331803988, -0.66882082704101808, 
-3.01421049792072, -0.78801956662770822, 0.23667504641657033, 
1.0375740182404352, 0.30117599220058722, -0.24322523620403846, 
-2.7267303991143299, -1.601506708006782, -1.3520464565826169, 
-0.29647609724310553, -1.1056713340037745, -2.2586486280601719, 
0.6844357080941148, -0.088608708204037323, -0.76256972750897423, 
0.21810861032581141, -2.3387742872349726, -0.33917970221019966, 
-1.522912376313422, -0.31625447814928753, -1.0608219546600743, 
-0.36703928696854915, 0.33551761505939193, -0.99270990968310124, 
0.017558636952092366, -2.1884340351479787, -1.7216044404360153, 
0.51921771138817818, -0.62261202697607065, -3.0522228204337298, 
-2.3640374520823753, -1.2007810155891212, -0.13422059566551203, 
-1.1018832557152225, -0.37581252797934728, -0.040994622212174647, 
0.67105482886293921, -0.94398326672503807, -1.051981906180899, 
-2.7532373591422696, -0.90067240591217246, -1.5718500578955634, 
-1.9740095828040913, -1.1799062310475403, 0.014943172743657529, 
-2.9927484886885827, -1.4272792872054287, -0.88336271641729358, 
-1.8932075700549529, -0.66609705750077497, -0.58857007938426931, 
-1.0330361592759918, -3.4658981937600273, 1.5714581458666377, 
-1.2052992574681995, -0.34880671841232969, -0.72623350896345196, 
0.024673234818350265, -0.18234055362591206, -1.2097931712285086, 
-0.62183222779149294, -1.9454088311238928, -0.14307698910068156, 
